#PATH-POINTS-START Path
157.329,-24.395,120,190
157.008,-26.37,120
156.686,-28.344,120
156.365,-30.318,120
156.044,-32.292,120
155.722,-34.266,120
155.401,-36.24,120
155.08,-38.214,120
154.758,-40.188,120
154.437,-42.162,120
154.115,-44.136,120
153.794,-46.11,120
153.473,-48.084,120
153.151,-50.058,120
152.83,-52.032,120
152.509,-54.006,120
152.187,-55.98,120
151.866,-57.954,120
151.545,-59.928,120
151.223,-61.902,120
150.902,-63.876,120
150.581,-65.85,120
150.259,-67.824,120
149.938,-69.798,120
149.617,-71.772,120
149.295,-73.746,120
148.974,-75.72,120
148.652,-77.694,120
148.331,-79.668,120
148.01,-81.642,120
147.688,-83.616,120
147.367,-85.59,120
147.046,-87.564,120
146.724,-89.538,120
146.403,-91.512,120
146.082,-93.486,120
145.76,-95.46,120
145.439,-97.434,120
145.118,-99.408,120
144.796,-101.382,120
144.475,-103.356,120
144.154,-105.33,120
143.832,-107.304,120
143.511,-109.278,120
143.19,-111.252,120
142.868,-113.226,120
142.547,-115.2,120
142.225,-117.174,120
142.528,-118.618,120,90
144.528,-118.618,120
146.528,-118.618,120
148.528,-118.618,120
150.528,-118.618,120
152.528,-118.618,120
154.528,-118.618,120
156.528,-118.618,120
158.528,-118.618,120
160.528,-118.618,120
162.528,-118.618,120
164.528,-118.618,120
166.528,-118.618,120
168.528,-118.618,120
170.528,-118.618,120
172.528,-118.618,120,90
174.528,-118.623,120
176.528,-118.641,120
178.526,-118.715,120
176.614,-118.879,120
174.616,-118.957,120
172.617,-119.023,120
170.617,-119.081,120
168.618,-119.135,120
166.619,-119.185,120
164.619,-119.233,120
162.62,-119.278,120
160.62,-119.322,120
158.621,-119.363,120
156.621,-119.403,120
154.622,-119.442,120
152.622,-119.479,120
150.622,-119.515,120
148.623,-119.55,120
146.623,-119.584,120
144.623,-119.616,120
142.623,-119.648,120
140.624,-119.678,120
138.624,-119.708,120
136.624,-119.736,120
134.624,-119.764,120
132.624,-119.791,120
130.625,-119.816,120
128.625,-119.841,120
126.625,-119.865,120
124.625,-119.888,120
122.625,-119.909,120
120.625,-119.93,120
118.625,-119.95,120
116.625,-119.969,120
114.625,-119.987,120
112.626,-120.005,120
110.626,-120.021,120
108.626,-120.036,120
106.626,-120.05,120
104.626,-120.062,120
102.626,-120.074,120
100.626,-120.085,120
98.626,-120.095,120
96.626,-120.103,120
94.626,-120.11,120
92.626,-120.116,120
90.626,-120.121,120
88.626,-120.124,120
86.626,-120.126,120
84.626,-120.127,120
82.626,-120.126,120
80.626,-120.123,120
78.626,-120.119,120
76.626,-120.113,120
74.626,-120.106,120
72.626,-120.096,120
70.626,-120.084,120,90
69.488,-119.042,120
69.122,-117.075,120
68.756,-115.109,120
68.39,-113.143,120
68.024,-111.177,120
67.659,-109.21,120
67.293,-107.244,120
66.927,-105.278,120
66.561,-103.312,120
66.195,-101.345,120
65.829,-99.379,120
65.464,-97.413,120
65.098,-95.446,120
64.732,-93.48,120
64.366,-91.514,120
64,-89.548,120
63.635,-87.581,120
63.269,-85.615,120
62.903,-83.649,120
62.537,-81.683,120
62.171,-79.716,120
61.806,-77.75,120
61.44,-75.784,120
61.074,-73.818,120
60.708,-71.851,120
60.342,-69.885,120
59.976,-67.919,120
59.611,-65.953,120
59.245,-63.986,120
58.879,-62.02,120
58.513,-60.054,120
58.147,-58.088,120
57.154,-56.461,120,315
55.707,-55.08,120
54.26,-53.699,120
52.813,-52.318,120
51.367,-50.938,120
49.92,-49.557,120
48.473,-48.176,120
47.027,-46.795,120
45.58,-45.414,120
44.133,-44.033,120
42.686,-42.652,120
41.24,-41.271,120
39.793,-39.89,120
38.346,-38.509,120
36.9,-37.128,120
35.453,-35.747,120
34.006,-34.366,120
32.559,-32.985,120
31.113,-31.604,120
29.666,-30.223,120
28.219,-28.842,120
26.773,-27.461,120
25.856,-26.587,120,135
25.856,-26.587,0,135
#PATH.JERRYIO-DATA {"appVersion":"0.10.0","format":"path.jerryio v0.1","gc":{"robotWidth":30,"robotHeight":30,"robotIsHolonomic":false,"showRobot":false,"uol":1,"pointDensity":2,"controlMagnetDistance":5,"fieldImage":{"displayName":"V5RC 2026 - Push Back","signature":"V5RC-PushBack-H2H-TopDownHighlighted-TileColor66_71","origin":{"__type":"built-in"}},"coordinateSystem":"VEX Gaming Positioning System"},"paths":[{"segments":[{"controls":[{"uid":"fOEvfgp5du","x":157.32897862232775,"y":-24.395486935866963,"lock":false,"visible":true,"heading":190,"__type":"end-point"},{"uid":"Tav2rp028j","x":141.9904988123515,"y":-118.6175771971496,"lock":false,"visible":true,"heading":90,"__type":"end-point"}],"speedProfiles":[],"lookaheadKeyframes":[],"uid":"S6cKRfXqNQ"},{"controls":[{"uid":"Tav2rp028j","x":141.9904988123515,"y":-118.6175771971496,"lock":false,"visible":true,"heading":90,"__type":"end-point"},{"uid":"Qmkl0HvfAT","x":171.93705463182894,"y":-118.6175771971496,"lock":false,"visible":true,"heading":90,"__type":"end-point"}],"speedProfiles":[],"lookaheadKeyframes":[],"uid":"RjVWQGilAl"},{"controls":[{"uid":"Qmkl0HvfAT","x":171.93705463182894,"y":-118.6175771971496,"lock":false,"visible":true,"heading":90,"__type":"end-point"},{"uid":"UgEMGi4VoT","x":201.8836104513064,"y":-118.6175771971496,"lock":false,"visible":true,"__type":"control"},{"uid":"7oZHzMB65X","x":123.73040380047506,"y":-120.44358669833724,"lock":false,"visible":true,"__type":"control"},{"uid":"Ts32SnWhJs","x":69.68052256532064,"y":-120.07838479809972,"lock":false,"visible":true,"heading":90,"__type":"end-point"}],"speedProfiles":[],"lookaheadKeyframes":[],"uid":"Xw8HakswQx"},{"controls":[{"uid":"Ts32SnWhJs","x":69.68052256532064,"y":-120.07838479809972,"lock":false,"visible":true,"heading":90,"__type":"end-point"},{"uid":"iHbZkKS5mm","x":57.99406175771969,"y":-57.26365795724463,"lock":false,"visible":true,"heading":315,"__type":"end-point"}],"speedProfiles":[],"lookaheadKeyframes":[],"uid":"lMVC2C6ulG"},{"controls":[{"uid":"iHbZkKS5mm","x":57.99406175771969,"y":-57.26365795724463,"lock":false,"visible":true,"heading":315,"__type":"end-point"},{"uid":"COlq5JkbJB","x":25.85629453681708,"y":-26.58669833729214,"lock":false,"visible":true,"heading":135,"__type":"end-point"}],"speedProfiles":[],"lookaheadKeyframes":[],"uid":"sbxryrPtAO"}],"pc":{"speedLimit":{"minLimit":{"value":0,"label":"0"},"maxLimit":{"value":600,"label":"600"},"step":1,"from":40,"to":120},"bentRateApplicableRange":{"minLimit":{"value":0,"label":"0"},"maxLimit":{"value":1,"label":"1"},"step":0.001,"from":0,"to":0.1}},"name":"Path","uid":"Ebmtc9X1Xc","lock":false,"visible":true}]}